         #Time  Core     P_PKG     P_PP0    P_DRAM  Core     P_PKG     P_PP0    P_DRAM
 1494875656.59     0     23.12      0.00      5.06    12     23.82      0.00      4.96
 1494875656.69     0     25.46      0.00      4.75    12     24.11      0.00      4.30
 1494875656.79     0     30.49      0.00      4.76    12     27.47      0.00      4.08
 1494875656.89     0     31.33      0.00      4.81    12     28.18      0.00      4.17
 1494875656.99     0     31.44      0.00      5.32    12     28.12      0.00      4.28
 1494875657.09     0     33.33      0.00      6.78    12     29.40      0.00      4.41
 1494875657.19     0     40.46      0.00      7.55    12     40.51      0.00      7.08
 1494875657.29     0     36.81      0.00      6.28    12     38.47      0.00      6.36
 1494875657.39     0     36.06      0.00      6.45    12     37.86      0.00      6.62
 1494875657.49     0     35.99      0.00      6.26    12     37.91      0.00      6.56
 1494875657.59     0     36.01      0.00      6.43    12     37.91      0.00      6.47
 1494875657.69     0     35.96      0.00      6.21    12     37.90      0.00      6.66
 1494875657.80     0     35.80      0.00      6.22    12     37.54      0.00      6.28
 1494875657.90     0     35.94      0.00      6.32    12     37.34      0.00      6.87
 1494875658.00     0     36.04      0.00      6.22    12     37.94      0.00      6.46
 1494875658.10     0     36.04      0.00      6.24    12     37.93      0.00      6.29
 1494875658.20     0     36.02      0.00      6.25    12     37.97      0.00      6.58
 1494875658.30     0     35.98      0.00      6.14    12     37.90      0.00      6.24
 1494875658.40     0     36.05      0.00      6.48    12     37.94      0.00      6.85
 1494875658.50     0     35.13      0.00      5.82    12     36.37      0.00      6.02
 1494875658.60     0     35.86      0.00      6.67    12     39.00      0.00      6.92
 1494875658.70     0     36.12      0.00      6.20    12     38.49      0.00      6.52
 1494875658.80     0     36.45      0.00      6.45    12     38.44      0.00      6.49
 1494875658.90     0     36.09      0.00      6.31    12     38.49      0.00      6.50
 1494875659.00     0     36.11      0.00      6.17    12     38.47      0.00      6.40
 1494875659.10     0     36.08      0.00      6.19    12     38.45      0.00      6.30
 1494875659.20     0     36.05      0.00      6.30    12     38.47      0.00      6.60
 1494875659.30     0     36.10      0.00      6.19    12     38.44      0.00      6.37
 1494875659.40     0     36.15      0.00      6.16    12     38.56      0.00      6.39
 1494875659.50     0     36.21      0.00      6.12    12     38.64      0.00      6.30
 1494875659.60     0     36.16      0.00      6.40    12     38.54      0.00      6.49
 1494875659.70     0     36.12      0.00      6.44    12     38.67      0.00      6.32
 1494875659.80     0     36.14      0.00      6.07    12     38.48      0.00      6.29
 1494875659.90     0     36.13      0.00      6.39    12     38.48      0.00      6.57
 1494875660.00     0     36.15      0.00      6.31    12     38.44      0.00      6.45
 1494875660.10     0     36.20      0.00      6.00    12     38.40      0.00      6.19
 1494875660.20     0     36.11      0.00      6.31    12     38.39      0.00      6.51
 1494875660.30     0     36.13      0.00      6.05    12     38.30      0.00      6.23
 1494875660.40     0     36.19      0.00      6.10    12     38.37      0.00      6.21
 1494875660.50     0     36.25      0.00      6.45    12     38.37      0.00      6.70
 1494875660.60     0     36.10      0.00      6.36    12     38.35      0.00      6.53
 1494875660.70     0     36.04      0.00      6.57    12     38.26      0.00      6.64
 1494875660.80     0     36.07      0.00      6.51    12     38.32      0.00      6.50
 1494875660.90     0     36.13      0.00      6.08    12     38.33      0.00      6.54
 1494875661.00     0     36.04      0.00      6.21    12     38.40      0.00      6.27
 1494875661.10     0     35.95      0.00      6.52    12     38.23      0.00      6.66
 1494875661.20     0     36.53      0.00      6.34    12     38.86      0.00      6.46
 1494875661.30     0     36.18      0.00      6.42    12     38.48      0.00      6.62
 1494875661.40     0     35.94      0.00      6.18    12     38.14      0.00      6.45
 1494875661.50     0     36.11      0.00      6.14    12     38.40      0.00      6.32
 1494875661.60     0     36.10      0.00      6.40    12     38.54      0.00      6.78
 1494875661.70     0     36.17      0.00      6.39    12     38.51      0.00      6.71
 1494875661.80     0     36.13      0.00      6.23    12     38.46      0.00      6.43
 1494875661.90     0     36.07      0.00      6.31    12     38.54      0.00      6.47
 1494875662.00     0     36.10      0.00      6.34    12     38.35      0.00      6.61
 1494875662.10     0     36.12      0.00      6.38    12     38.50      0.00      6.52
 1494875662.20     0     36.12      0.00      6.41    12     38.44      0.00      6.74
 1494875662.30     0     36.12      0.00      6.30    12     38.47      0.00      6.41
 1494875662.40     0     36.09      0.00      6.12    12     38.60      0.00      6.33
 1494875662.50     0     36.09      0.00      6.68    12     38.54      0.00      7.05
 1494875662.60     0     36.14      0.00      6.17    12     38.56      0.00      6.33
 1494875662.70     0     36.15      0.00      6.57    12     38.34      0.00      6.82
 1494875662.80     0     36.10      0.00      6.21    12     38.44      0.00      6.43
 1494875662.90     0     36.14      0.00      6.29    12     38.52      0.00      6.53
 1494875663.00     0     36.07      0.00      6.28    12     38.42      0.00      6.69
 1494875663.10     0     36.14      0.00      6.26    12     38.50      0.00      6.27
 1494875663.20     0     36.09      0.00      6.48    12     38.46      0.00      6.82
 1494875663.30     0     36.08      0.00      6.22    12     38.41      0.00      6.40
 1494875663.40     0     36.06      0.00      6.32    12     38.42      0.00      6.61
 1494875663.50     0     36.13      0.00      6.31    12     38.47      0.00      6.45
 1494875663.60     0     36.19      0.00      6.24    12     38.56      0.00      6.58
 1494875663.70     0     36.08      0.00      6.55    12     38.56      0.00      6.83
 1494875663.80     0     36.14      0.00      6.27    12     38.44      0.00      6.44
 1494875663.90     0     36.06      0.00      6.45    12     38.45      0.00      6.71
 1494875664.00     0     36.12      0.00      6.48    12     38.53      0.00      6.77
 1494875664.10     0     35.89      0.00      6.11    12     38.39      0.00      6.35
 1494875664.20     0     36.55      0.00      6.41    12     38.52      0.00      6.54
 1494875664.30     0     36.18      0.00      6.38    12     38.55      0.00      6.64
 1494875664.40     0     36.26      0.00      6.35    12     38.62      0.00      6.61
 1494875664.50     0     36.07      0.00      6.19    12     38.23      0.00      6.45
 1494875664.60     0     36.15      0.00      6.44    12     38.53      0.00      6.84
 1494875664.70     0     36.15      0.00      6.16    12     38.50      0.00      6.51
 1494875664.80     0     36.28      0.00      6.16    12     38.49      0.00      6.39
 1494875664.90     0     36.15      0.00      6.48    12     38.51      0.00      6.80
 1494875665.00     0     36.20      0.00      6.23    12     38.77      0.00      6.54
 1494875665.10     0     36.18      0.00      6.18    12     38.51      0.00      6.69
 1494875665.20     0     36.15      0.00      6.30    12     38.51      0.00      6.36
 1494875665.30     0     36.16      0.00      6.37    12     38.43      0.00      6.62
 1494875665.41     0     36.21      0.00      6.35    12     38.55      0.00      6.57
 1494875665.51     0     36.21      0.00      6.23    12     38.56      0.00      6.59
 1494875665.61     0     36.17      0.00      6.24    12     38.62      0.00      6.47
 1494875665.71     0     36.14      0.00      6.24    12     38.38      0.00      6.61
 1494875665.81     0     36.23      0.00      6.46    12     38.45      0.00      6.66
 1494875665.91     0     36.13      0.00      6.30    12     38.49      0.00      6.50
 1494875666.01     0     36.25      0.00      6.48    12     38.59      0.00      6.81
 1494875666.11     0     36.24      0.00      6.15    12     38.51      0.00      6.49
 1494875666.21     0     36.18      0.00      6.27    12     38.60      0.00      6.48
 1494875666.31     0     36.14      0.00      6.35    12     38.60      0.00      6.44
 1494875666.41     0     36.21      0.00      6.44    12     38.57      0.00      6.74
 1494875666.51     0     36.07      0.00      6.38    12     38.52      0.00      6.64
 1494875666.61     0     36.17      0.00      6.28    12     38.46      0.00      6.66
 1494875666.71     0     36.17      0.00      6.39    12     38.50      0.00      6.71
 1494875666.81     0     36.50      0.00      6.37    12     38.87      0.00      6.45
 1494875666.91     0     35.79      0.00      6.25    12     38.54      0.00      6.61
 1494875667.01     0     36.13      0.00      6.08    12     38.44      0.00      6.24
 1494875667.11     0     36.52      0.00      6.30    12     38.59      0.00      6.42
 1494875667.21     0     36.18      0.00      6.40    12     38.15      0.00      6.73
 1494875667.31     0     36.17      0.00      6.18    12     38.84      0.00      6.36
 1494875667.41     0     36.17      0.00      6.53    12     38.46      0.00      6.79
 1494875667.51     0     36.21      0.00      6.07    12     38.68      0.00      6.30
 1494875667.61     0     36.15      0.00      6.28    12     38.50      0.00      6.57
 1494875667.71     0     36.19      0.00      6.65    12     38.50      0.00      6.90
 1494875667.81     0     36.27      0.00      6.11    12     38.56      0.00      6.35
 1494875667.91     0     36.12      0.00      6.37    12     38.55      0.00      6.73
 1494875668.01     0     36.17      0.00      6.40    12     38.52      0.00      6.67
 1494875668.11     0     36.21      0.00      6.24    12     38.51      0.00      6.54
 1494875668.21     0     35.89      0.00      6.41    12     38.08      0.00      6.68
 1494875668.31     0     36.19      0.00      6.37    12     38.47      0.00      6.46
 1494875668.41     0     36.16      0.00      6.34    12     38.47      0.00      6.49
 1494875668.51     0     36.20      0.00      6.12    12     38.57      0.00      6.36
 1494875668.61     0     36.22      0.00      6.23    12     38.51      0.00      6.52
 1494875668.71     0     36.21      0.00      6.29    12     38.44      0.00      6.63
 1494875668.81     0     36.18      0.00      6.15    12     38.45      0.00      6.40
 1494875668.91     0     36.22      0.00      6.42    12     38.59      0.00      6.72
 1494875669.01     0     36.12      0.00      6.24    12     38.43      0.00      6.46
 1494875669.11     0     36.29      0.00      6.20    12     38.58      0.00      6.53
 1494875669.21     0     36.24      0.00      6.30    12     38.73      0.00      6.59
 1494875669.31     0     36.21      0.00      6.59    12     38.77      0.00      6.76
 1494875669.41     0     36.53      0.00      6.33    12     38.64      0.00      6.43
 1494875669.51     0     36.18      0.00      6.30    12     39.04      0.00      6.53
 1494875669.61     0     36.20      0.00      6.25    12     38.75      0.00      6.45
 1494875669.71     0     36.21      0.00      6.43    12     38.74      0.00      6.69
 1494875669.81     0     36.19      0.00      6.21    12     38.51      0.00      6.28
 1494875669.91     0     36.19      0.00      6.39    12     38.49      0.00      6.63
 1494875670.01     0     36.21      0.00      6.17    12     38.72      0.00      6.38
 1494875670.11     0     36.15      0.00      6.44    12     38.67      0.00      6.73
 1494875670.21     0     36.23      0.00      6.22    12     38.64      0.00      6.42
 1494875670.31     0     36.14      0.00      6.31    12     38.53      0.00      6.62
 1494875670.41     0     36.16      0.00      6.22    12     38.64      0.00      6.48
 1494875670.51     0     36.15      0.00      6.49    12     38.51      0.00      6.68
 1494875670.61     0     36.13      0.00      6.31    12     38.52      0.00      6.38
 1494875670.71     0     36.15      0.00      6.29    12     38.50      0.00      6.68
 1494875670.81     0     36.21      0.00      6.34    12     38.50      0.00      6.42
 1494875670.91     0     36.27      0.00      6.45    12     38.44      0.00      6.80
 1494875671.01     0     36.25      0.00      6.30    12     38.58      0.00      6.40
 1494875671.11     0     36.32      0.00      6.27    12     38.49      0.00      6.57
 1494875671.21     0     36.24      0.00      6.28    12     38.61      0.00      6.54
 1494875671.31     0     36.06      0.00      6.31    12     38.60      0.00      6.71
 1494875671.41     0     36.08      0.00      6.38    12     38.66      0.00      6.62
 1494875671.51     0     36.29      0.00      6.35    12     38.71      0.00      6.56
 1494875671.61     0     36.29      0.00      6.15    12     38.50      0.00      6.27
 1494875671.71     0     36.36      0.00      6.52    12     38.65      0.00      6.69
 1494875671.81     0     36.21      0.00      6.38    12     38.51      0.00      6.30
 1494875671.91     0     36.25      0.00      6.24    12     38.51      0.00      6.57
 1494875672.01     0     36.28      0.00      6.49    12     38.57      0.00      6.63
 1494875672.11     0     36.37      0.00      6.42    12     38.48      0.00      6.68
 1494875672.21     0     36.29      0.00      6.59    12     38.52      0.00      6.80
 1494875672.31     0     36.28      0.00      6.29    12     38.55      0.00      6.62
 1494875672.41     0     36.21      0.00      6.20    12     38.91      0.00      6.52
 1494875672.51     0     36.67      0.00      6.61    12     38.18      0.00      6.64
 1494875672.61     0     36.38      0.00      6.16    12     38.58      0.00      6.31
 1494875672.71     0     36.24      0.00      6.66    12     38.91      0.00      6.80
 1494875672.81     0     36.24      0.00      6.21    12     38.53      0.00      6.42
 1494875672.91     0     36.31      0.00      6.31    12     38.66      0.00      6.35
 1494875673.01     0     36.28      0.00      6.52    12     38.70      0.00      6.72
 1494875673.12     0     36.21      0.00      6.13    12     38.21      0.00      6.39
 1494875673.22     0     36.29      0.00      6.47    12     38.59      0.00      6.62
 1494875673.32     0     36.18      0.00      6.27    12     38.63      0.00      6.38
 1494875673.42     0     36.24      0.00      6.44    12     38.60      0.00      6.60
 1494875673.52     0     36.31      0.00      6.19    12     38.72      0.00      6.41
 1494875673.62     0     36.33      0.00      6.35    12     38.70      0.00      6.58
 1494875673.72     0     36.32      0.00      6.19    12     38.68      0.00      6.40
 1494875673.82     0     36.21      0.00      6.47    12     38.62      0.00      6.59
 1494875673.92     0     36.28      0.00      6.22    12     38.69      0.00      6.50
 1494875674.02     0     36.42      0.00      6.27    12     38.56      0.00      6.37
 1494875674.12     0     36.46      0.00      6.52    12     38.63      0.00      6.76
 1494875674.22     0     36.40      0.00      6.12    12     38.56      0.00      6.49
 1494875674.32     0     36.28      0.00      6.12    12     38.59      0.00      6.37
 1494875674.42     0     36.34      0.00      6.64    12     38.73      0.00      6.68
 1494875674.52     0     36.79      0.00      6.33    12     38.71      0.00      6.35
 1494875674.62     0     36.46      0.00      6.21    12     38.87      0.00      6.45
 1494875674.72     0     36.23      0.00      6.30    12     38.58      0.00      6.24
 1494875674.82     0     36.29      0.00      6.34    12     38.49      0.00      6.64
 1494875674.92     0     36.50      0.00      6.28    12     38.58      0.00      6.39
 1494875675.02     0     36.42      0.00      6.48    12     38.52      0.00      6.69
 1494875675.12     0     36.38      0.00      6.29    12     38.62      0.00      6.27
 1494875675.22     0     36.36      0.00      6.54    12     38.62      0.00      6.65
 1494875675.32     0     36.35      0.00      6.22    12     38.51      0.00      6.51
 1494875675.42     0     36.71      0.00      6.53    12     38.63      0.00      6.61
 1494875675.52     0     36.07      0.00      6.35    12     38.70      0.00      6.69
 1494875675.62     0     36.35      0.00      6.09    12     38.63      0.00      6.25
 1494875675.72     0     36.84      0.00      6.22    12     38.62      0.00      6.50
 1494875675.82     0     36.46      0.00      6.43    12     38.62      0.00      6.25
 1494875675.92     0     36.45      0.00      6.33    12     39.08      0.00      6.70
 1494875676.02     0     36.35      0.00      6.34    12     38.55      0.00      6.31
 1494875676.12     0     36.37      0.00      6.33    12     38.62      0.00      6.52
 1494875676.22     0     36.37      0.00      6.27    12     38.73      0.00      6.37
 1494875676.32     0     36.27      0.00      6.36    12     38.62      0.00      6.74
 1494875676.42     0     36.30      0.00      6.46    12     38.63      0.00      6.56
 1494875676.52     0     35.21      0.00      6.59    12     37.43      0.00      6.40
 1494875676.62     0     37.03      0.00      6.42    12     38.91      0.00      6.61
 1494875676.72     0     36.27      0.00      6.10    12     38.62      0.00      6.57
 1494875676.82     0     36.25      0.00      6.46    12     38.59      0.00      6.46
 1494875676.92     0     36.40      0.00      6.20    12     38.63      0.00      6.56
 1494875677.02     0     36.30      0.00      6.40    12     38.60      0.00      6.51
 1494875677.12     0     36.35      0.00      6.44    12     38.62      0.00      6.67
 1494875677.22     0     36.35      0.00      6.29    12     38.57      0.00      6.66
 1494875677.32     0     36.29      0.00      6.30    12     38.63      0.00      6.48
 1494875677.42     0     36.28      0.00      6.14    12     38.70      0.00      6.63
 1494875677.52     0     36.30      0.00      6.30    12     38.65      0.00      6.61
 1494875677.62     0     36.44      0.00      6.38    12     38.71      0.00      6.54
 1494875677.72     0     36.34      0.00      6.19    12     38.59      0.00      6.39
 1494875677.82     0     36.29      0.00      6.24    12     38.56      0.00      6.67
 1494875677.92     0     36.34      0.00      6.34    12     38.70      0.00      6.43
 1494875678.02     0     36.35      0.00      6.34    12     38.64      0.00      6.40
 1494875678.12     0     36.70      0.00      6.41    12     38.71      0.00      6.81
 1494875678.22     0     36.30      0.00      6.34    12     38.64      0.00      6.46
 1494875678.32     0     36.39      0.00      6.29    12     38.97      0.00      6.59
 1494875678.42     0     36.34      0.00      6.15    12     38.20      0.00      6.63
 1494875678.52     0     36.36      0.00      6.35    12     38.99      0.00      6.72
 1494875678.62     0     36.27      0.00      6.13    12     38.57      0.00      6.33
 1494875678.72     0     36.29      0.00      6.42    12     38.62      0.00      6.75
 1494875678.82     0     36.22      0.00      6.15    12     38.60      0.00      6.65
 1494875678.92     0     36.26      0.00      6.50    12     38.65      0.00      6.85
 1494875679.02     0     36.38      0.00      6.11    12     38.62      0.00      6.28
 1494875679.12     0     36.33      0.00      6.47    12     38.61      0.00      6.72
 1494875679.22     0     36.34      0.00      6.56    12     38.71      0.00      6.45
 1494875679.32     0     36.32      0.00      6.13    12     38.55      0.00      6.33
 1494875679.42     0     36.41      0.00      6.42    12     38.71      0.00      6.76
 1494875679.52     0     36.29      0.00      6.33    12     38.59      0.00      6.53
 1494875679.62     0     36.34      0.00      6.62    12     38.65      0.00      7.03
 1494875679.72     0     36.34      0.00      6.39    12     38.53      0.00      6.57
 1494875679.82     0     36.43      0.00      6.05    12     38.64      0.00      6.33
 1494875679.92     0     36.43      0.00      6.43    12     38.67      0.00      6.67
 1494875680.02     0     36.38      0.00      6.39    12     38.62      0.00      6.44
 1494875680.12     0     36.35      0.00      6.23    12     38.69      0.00      6.41
 1494875680.22     0     36.30      0.00      6.31    12     38.54      0.00      6.71
 1494875680.32     0     36.36      0.00      6.34    12     38.62      0.00      6.48
 1494875680.42     0     36.40      0.00      6.26    12     38.72      0.00      6.46
 1494875680.52     0     36.43      0.00      6.53    12     38.72      0.00      6.64
 1494875680.62     0     36.38      0.00      6.29    12     38.64      0.00      6.52
 1494875680.72     0     36.35      0.00      6.26    12     38.60      0.00      6.64
 1494875680.82     0     36.44      0.00      6.28    12     38.70      0.00      6.51
 1494875680.93     0     36.30      0.00      6.20    12     38.72      0.00      6.45
 1494875681.03     0     36.54      0.00      6.32    12     38.32      0.00      6.55
 1494875681.13     0     36.35      0.00      6.23    12     38.66      0.00      6.29
 1494875681.23     0     36.36      0.00      6.44    12     38.66      0.00      6.71
 1494875681.33     0     36.36      0.00      6.07    12     39.03      0.00      6.40
 1494875681.43     0     36.35      0.00      6.54    12     38.74      0.00      6.64
 1494875681.53     0     36.38      0.00      6.21    12     38.66      0.00      6.41
 1494875681.63     0     36.37      0.00      6.13    12     38.65      0.00      6.67
 1494875681.73     0     36.32      0.00      6.35    12     38.61      0.00      6.50
 1494875681.83     0     36.45      0.00      6.28    12     38.65      0.00      6.39
 1494875681.93     0     36.23      0.00      6.27    12     38.63      0.00      6.70
 1494875682.03     0     36.33      0.00      6.37    12     38.71      0.00      6.53
 1494875682.13     0     36.36      0.00      6.07    12     38.65      0.00      6.31
 1494875682.23     0     36.37      0.00      6.42    12     38.63      0.00      6.68
 1494875682.33     0     36.40      0.00      6.33    12     38.68      0.00      6.47
 1494875682.43     0     36.37      0.00      6.46    12     38.58      0.00      6.58
 1494875682.53     0     36.34      0.00      6.30    12     38.63      0.00      6.41
 1494875682.63     0     36.32      0.00      5.99    12     38.58      0.00      6.56
 1494875682.73     0     36.35      0.00      6.46    12     38.57      0.00      6.66
 1494875682.83     0     36.35      0.00      6.38    12     38.76      0.00      6.51
 1494875682.93     0     36.41      0.00      6.10    12     38.70      0.00      6.45
 1494875683.03     0     36.26      0.00      6.38    12     38.64      0.00      6.48
 1494875683.13     0     36.23      0.00      6.10    12     38.58      0.00      6.45
 1494875683.23     0     36.31      0.00      6.29    12     38.63      0.00      6.72
 1494875683.33     0     36.36      0.00      6.45    12     38.65      0.00      6.53
 1494875683.43     0     36.42      0.00      6.26    12     38.72      0.00      6.26
 1494875683.53     0     36.33      0.00      6.06    12     38.58      0.00      6.52
 1494875683.63     0     36.30      0.00      6.44    12     38.53      0.00      6.76
 1494875683.73     0     36.37      0.00      6.19    12     38.67      0.00      6.56
 1494875683.83     0     36.34      0.00      6.18    12     38.65      0.00      6.46
 1494875683.93     0     36.37      0.00      6.31    12     38.65      0.00      6.54
 1494875684.03     0     36.38      0.00      6.31    12     38.71      0.00      6.46
 1494875684.13     0     36.58      0.00      6.05    12     38.66      0.00      6.36
 1494875684.23     0     36.38      0.00      6.47    12     38.61      0.00      6.77
 1494875684.33     0     36.34      0.00      6.23    12     38.60      0.00      6.35
 1494875684.43     0     36.34      0.00      6.43    12     39.06      0.00      6.91
 1494875684.53     0     36.32      0.00      6.31    12     38.62      0.00      6.39
 1494875684.63     0     36.32      0.00      6.17    12     38.65      0.00      6.70
 1494875684.73     0     36.35      0.00      6.36    12     38.67      0.00      6.65
 1494875684.83     0     36.32      0.00      6.13    12     38.69      0.00      6.40
 1494875684.93     0     36.36      0.00      6.33    12     38.68      0.00      6.70
 1494875685.03     0     36.39      0.00      6.39    12     38.64      0.00      6.57
 1494875685.13     0     36.36      0.00      6.16    12     38.64      0.00      6.35
 1494875685.23     0     36.30      0.00      6.18    12     38.68      0.00      6.50
 1494875685.33     0     36.37      0.00      6.46    12     38.68      0.00      6.56
 1494875685.43     0     36.32      0.00      6.17    12     38.63      0.00      6.68
 1494875685.53     0     36.30      0.00      6.42    12     38.64      0.00      6.75
 1494875685.63     0     36.39      0.00      6.23    12     38.72      0.00      6.51
 1494875685.73     0     36.33      0.00      6.33    12     38.62      0.00      6.71
 1494875685.83     0     36.29      0.00      6.31    12     38.59      0.00      6.60
 1494875685.93     0     36.34      0.00      6.18    12     38.62      0.00      6.57
 1494875686.03     0     36.33      0.00      6.50    12     38.62      0.00      6.56
 1494875686.13     0     36.45      0.00      6.40    12     38.70      0.00      6.56
 1494875686.23     0     36.34      0.00      6.32    12     38.76      0.00      6.71
 1494875686.33     0     36.32      0.00      6.33    12     38.57      0.00      6.63
 1494875686.43     0     36.30      0.00      6.39    12     38.61      0.00      6.62
 1494875686.53     0     36.28      0.00      6.49    12     38.56      0.00      6.51
 1494875686.63     0     36.37      0.00      6.18    12     38.60      0.00      6.48
 1494875686.73     0     36.67      0.00      6.36    12     38.54      0.00      6.34
 1494875686.83     0     36.31      0.00      6.30    12     38.56      0.00      6.71
 1494875686.93     0     36.35      0.00      6.35    12     38.58      0.00      6.48
 1494875687.03     0     36.27      0.00      6.24    12     38.99      0.00      6.69
 1494875687.13     0     36.37      0.00      6.25    12     38.75      0.00      6.63
 1494875687.23     0     36.42      0.00      6.47    12     38.26      0.00      6.49
 1494875687.33     0     36.30      0.00      6.21    12     39.07      0.00      6.62
 1494875687.43     0     36.33      0.00      6.43    12     38.59      0.00      6.53
 1494875687.53     0     36.33      0.00      6.38    12     38.66      0.00      6.51
 1494875687.63     0     36.38      0.00      6.23    12     38.63      0.00      6.54
 1494875687.73     0     36.33      0.00      6.23    12     38.65      0.00      6.76
 1494875687.83     0     36.32      0.00      6.31    12     38.63      0.00      6.69
 1494875687.93     0     36.36      0.00      6.36    12     38.60      0.00      6.46
 1494875688.03     0     36.38      0.00      6.14    12     38.69      0.00      6.46
 1494875688.13     0     36.36      0.00      6.67    12     38.65      0.00      6.44
 1494875688.23     0     36.46      0.00      6.09    12     38.64      0.00      6.25
 1494875688.33     0     36.31      0.00      6.20    12     38.60      0.00      6.64
 1494875688.43     0     36.33      0.00      6.27    12     38.75      0.00      6.55
 1494875688.54     0     36.07      0.00      6.09    12     38.29      0.00      6.25
 1494875688.64     0     36.37      0.00      6.43    12     38.66      0.00      6.52
 1494875688.74     0     36.39      0.00      6.24    12     38.71      0.00      6.68
 1494875688.84     0     36.27      0.00      6.44    12     38.59      0.00      6.47
 1494875688.94     0     36.37      0.00      6.10    12     38.64      0.00      6.47
 1494875689.04     0     36.36      0.00      6.49    12     38.67      0.00      6.58
 1494875689.14     0     36.36      0.00      6.19    12     38.65      0.00      6.35
 1494875689.24     0     36.39      0.00      6.44    12     38.80      0.00      6.44
 1494875689.34     0     36.41      0.00      6.06    12     38.69      0.00      6.25
 1494875689.44     0     36.28      0.00      6.49    12     38.58      0.00      6.59
 1494875689.54     0     35.86      0.00      6.27    12     38.19      0.00      6.44
 1494875689.64     0     36.72      0.00      6.41    12     38.65      0.00      6.40
 1494875689.74     0     36.30      0.00      6.15    12     39.04      0.00      6.48
 1494875689.84     0     36.36      0.00      6.32    12     38.66      0.00      6.49
 1494875689.94     0     36.40      0.00      6.17    12     38.69      0.00      6.55
 1494875690.04     0     36.28      0.00      6.20    12     38.67      0.00      6.45
 1494875690.14     0     36.33      0.00      6.18    12     38.64      0.00      6.50
 1494875690.24     0     36.37      0.00      6.51    12     38.68      0.00      6.61
 1494875690.34     0     36.32      0.00      6.39    12     38.57      0.00      6.57
 1494875690.44     0     36.39      0.00      6.09    12     38.65      0.00      6.35
 1494875690.54     0     36.40      0.00      6.36    12     38.77      0.00      6.54
 1494875690.64     0     36.35      0.00      6.23    12     38.65      0.00      6.54
 1494875690.74     0     36.33      0.00      6.46    12     38.71      0.00      6.51
 1494875690.84     0     36.28      0.00      6.40    12     38.58      0.00      6.64
 1494875690.94     0     36.37      0.00      6.06    12     38.71      0.00      6.44
 1494875691.04     0     36.40      0.00      6.54    12     38.70      0.00      6.75
 1494875691.14     0     36.35      0.00      6.11    12     38.66      0.00      6.17
 1494875691.24     0     36.34      0.00      6.42    12     38.72      0.00      6.74
 1494875691.34     0     36.40      0.00      6.23    12     38.65      0.00      6.43
 1494875691.44     0     36.30      0.00      6.24    12     38.66      0.00      6.62
 1494875691.54     0     36.32      0.00      6.43    12     38.70      0.00      6.47
 1494875691.64     0     36.39      0.00      6.02    12     38.69      0.00      6.35
 1494875691.74     0     36.37      0.00      6.47    12     38.72      0.00      6.41
 1494875691.84     0     36.33      0.00      6.46    12     38.67      0.00      6.59
 1494875691.94     0     36.39      0.00      6.49    12     38.75      0.00      6.39
 1494875692.04     0     36.36      0.00      6.18    12     38.66      0.00      6.55
 1494875692.14     0     36.33      0.00      6.43    12     38.62      0.00      6.60
 1494875692.24     0     36.33      0.00      5.94    12     38.67      0.00      6.26
 1494875692.34     0     36.73      0.00      6.32    12     38.62      0.00      6.75
 1494875692.44     0     35.87      0.00      6.20    12     38.45      0.00      6.42
 1494875692.54     0     36.68      0.00      6.47    12     39.02      0.00      6.76
 1494875692.64     0     36.31      0.00      6.07    12     38.34      0.00      6.22
 1494875692.74     0     36.34      0.00      6.50    12     38.63      0.00      6.64
 1494875692.84     0     36.33      0.00      6.38    12     39.03      0.00      6.57
 1494875692.94     0     36.37      0.00      6.32    12     38.68      0.00      6.77
 1494875693.04     0     36.37      0.00      6.25    12     38.74      0.00      6.41
 1494875693.14     0     36.37      0.00      6.13    12     38.65      0.00      6.47
 1494875693.24     0     36.39      0.00      6.45    12     38.67      0.00      6.73
 1494875693.34     0     36.30      0.00      6.12    12     38.64      0.00      6.44
 1494875693.44     0     36.37      0.00      6.24    12     38.67      0.00      6.53
 1494875693.54     0     36.42      0.00      6.51    12     38.62      0.00      6.65
 1494875693.64     0     36.32      0.00      6.04    12     38.71      0.00      6.42
 1494875693.74     0     36.37      0.00      6.38    12     38.63      0.00      6.62
 1494875693.84     0     36.37      0.00      6.26    12     38.62      0.00      6.19
 1494875693.94     0     36.44      0.00      6.32    12     38.69      0.00      6.67
 1494875694.04     0     36.35      0.00      6.30    12     38.62      0.00      6.48
 1494875694.14     0     36.36      0.00      6.15    12     38.67      0.00      6.51
 1494875694.24     0     36.34      0.00      6.39    12     38.58      0.00      6.65
 1494875694.34     0     36.33      0.00      6.20    12     38.63      0.00      6.51
 1494875694.44     0     36.40      0.00      6.34    12     38.74      0.00      6.76
 1494875694.54     0     36.31      0.00      6.45    12     38.55      0.00      6.59
 1494875694.64     0     36.43      0.00      6.44    12     38.59      0.00      6.55
 1494875694.74     0     36.29      0.00      6.13    12     38.66      0.00      6.51
 1494875694.84     0     36.36      0.00      6.27    12     38.61      0.00      6.65
 1494875694.94     0     36.38      0.00      6.21    12     38.69      0.00      6.58
 1494875695.04     0     36.35      0.00      6.24    12     38.68      0.00      6.74
 1494875695.14     0     36.32      0.00      6.26    12     38.59      0.00      6.42
 1494875695.24     0     36.27      0.00      6.04    12     38.66      0.00      6.38
 1494875695.34     0     36.28      0.00      6.43    12     38.59      0.00      6.61
 1494875695.44     0     36.71      0.00      6.25    12     38.68      0.00      6.45
 1494875695.54     0     36.09      0.00      6.30    12     38.30      0.00      6.84
 1494875695.64     0     36.03      0.00      6.07    12     38.68      0.00      6.66
 1494875695.74     0     36.74      0.00      6.44    12     38.35      0.00      6.41
 1494875695.84     0     36.33      0.00      6.33    12     38.69      0.00      6.65
 1494875695.94     0     36.31      0.00      5.96    12     39.00      0.00      6.39
 1494875696.04     0     36.30      0.00      6.39    12     38.66      0.00      6.55
 1494875696.14     0     36.39      0.00      5.96    12     38.70      0.00      6.49
 1494875696.24     0     36.27      0.00      6.44    12     38.61      0.00      6.65
 1494875696.35     0     36.30      0.00      6.06    12     38.61      0.00      6.22
 1494875696.45     0     36.31      0.00      6.40    12     38.63      0.00      6.92
 1494875696.55     0     36.23      0.00      6.15    12     38.44      0.00      6.42
 1494875696.65     0     36.36      0.00      6.31    12     38.70      0.00      6.49
 1494875696.75     0     36.37      0.00      6.12    12     38.70      0.00      6.46
 1494875696.85     0     36.34      0.00      6.47    12     38.67      0.00      6.52
 1494875696.95     0     36.34      0.00      6.16    12     38.60      0.00      6.38
 1494875697.05     0     36.18      0.00      6.28    12     38.55      0.00      6.62
 1494875697.15     0     36.38      0.00      6.33    12     38.70      0.00      6.70
 1494875697.25     0     36.27      0.00      6.08    12     38.65      0.00      6.42
 1494875697.35     0     36.34      0.00      6.37    12     38.68      0.00      6.62
 1494875697.45     0     36.24      0.00      6.28    12     38.65      0.00      6.63
 1494875697.55     0     36.27      0.00      6.33    12     38.62      0.00      6.77
 1494875697.65     0     36.34      0.00      6.32    12     38.68      0.00      6.37
 1494875697.75     0     36.31      0.00      6.26    12     38.67      0.00      6.77
 1494875697.85     0     36.31      0.00      6.47    12     38.68      0.00      6.46
 1494875697.95     0     36.28      0.00      6.10    12     38.65      0.00      6.38
 1494875698.05     0     36.30      0.00      6.45    12     38.64      0.00      6.68
 1494875698.15     0     36.35      0.00      6.23    12     38.67      0.00      6.43
 1494875698.25     0     36.66      0.00      6.32    12     38.64      0.00      6.52
 1494875698.35     0     36.24      0.00      6.19    12     38.57      0.00      6.54
 1494875698.45     0     36.30      0.00      6.43    12     39.05      0.00      6.85
 1494875698.55     0     36.35      0.00      6.07    12     38.67      0.00      6.42
 1494875698.65     0     36.31      0.00      6.40    12     38.59      0.00      6.62
 1494875698.75     0     36.33      0.00      6.16    12     38.68      0.00      6.30
 1494875698.85     0     36.29      0.00      6.32    12     38.56      0.00      6.44
 1494875698.95     0     36.23      0.00      6.26    12     38.60      0.00      6.47
 1494875699.05     0     36.30      0.00      6.36    12     38.67      0.00      6.69
 1494875699.15     0     36.28      0.00      6.17    12     38.64      0.00      6.46
 1494875699.25     0     36.27      0.00      6.33    12     38.68      0.00      6.57
 1494875699.35     0     36.27      0.00      6.39    12     38.63      0.00      6.62
 1494875699.45     0     36.35      0.00      6.26    12     38.54      0.00      6.55
 1494875699.55     0     36.38      0.00      6.38    12     38.66      0.00      6.55
 1494875699.65     0     36.25      0.00      6.32    12     38.62      0.00      6.63
 1494875699.75     0     36.29      0.00      6.49    12     38.67      0.00      6.72
 1494875699.85     0     36.34      0.00      6.40    12     38.73      0.00      6.47
 1494875699.95     0     36.31      0.00      6.08    12     38.68      0.00      6.37
 1494875700.05     0     36.26      0.00      6.39    12     38.61      0.00      6.64
 1494875700.15     0     36.29      0.00      6.21    12     38.60      0.00      6.38
 1494875700.25     0     36.31      0.00      6.15    12     38.70      0.00      6.50
 1494875700.35     0     36.33      0.00      6.30    12     38.63      0.00      6.40
 1494875700.45     0     36.29      0.00      6.34    12     38.68      0.00      6.71
 1494875700.55     0     36.71      0.00      6.36    12     38.70      0.00      6.37
 1494875700.65     0     36.35      0.00      6.25    12     38.63      0.00      6.59
 1494875700.75     0     36.26      0.00      6.22    12     38.65      0.00      6.38
 1494875700.85     0     36.29      0.00      6.24    12     38.62      0.00      6.91
 1494875700.95     0     36.24      0.00      6.28    12     38.62      0.00      6.59
 1494875701.05     0     36.32      0.00      6.21    12     38.77      0.00      6.62
 1494875701.15     0     36.25      0.00      6.39    12     38.99      0.00      6.76
 1494875701.25     0     36.23      0.00      6.11    12     38.63      0.00      6.44
 1494875701.35     0     36.27      0.00      6.33    12     38.62      0.00      6.47
 1494875701.45     0     36.30      0.00      6.17    12     38.67      0.00      6.71
 1494875701.55     0     36.26      0.00      6.29    12     38.63      0.00      6.46
 1494875701.65     0     36.27      0.00      6.10    12     38.63      0.00      6.59
 1494875701.75     0     36.25      0.00      6.49    12     38.61      0.00      6.55
 1494875701.85     0     36.27      0.00      6.27    12     38.60      0.00      6.24
 1494875701.95     0     36.36      0.00      6.28    12     38.70      0.00      6.46
 1494875702.05     0     36.29      0.00      6.46    12     38.69      0.00      6.45
 1494875702.15     0     36.22      0.00      6.13    12     38.57      0.00      6.66
 1494875702.25     0     36.23      0.00      6.30    12     38.62      0.00      6.60
 1494875702.35     0     36.26      0.00      6.25    12     38.69      0.00      6.26
